ID,Adoption,Died,Euthanasia,Return_to_owner,Transfer
1,0.8407492277831817,0.0009616244162275805,0.00399357584324285,0.0179983640441367,0.136297207913211
2,0.8136874868808854,0.0041949540557888075,0.0071486036572626825,0.10904284903051314,0.06592610637554973
3,0.3901903134642849,0.0005742252425161592,0.010402135390228542,0.551622391642458,0.047210934260512455
4,0.31490063566499893,0.00026546879375224404,0.011882272188234726,0.6354670295269008,0.0374845938261132
5,0.002303784813701866,0.002855755234503419,0.01636879369940399,0.003570105427099257,0.9749015608252913
6,0.937925279650322,0.00029110285556373927,0.0015516986023483557,0.04490168240993236,0.01533023648183353
7,0.0016073526358735398,0.025820634669032366,0.015810837201523556,0.0008050121337705508,0.9559561633597997
8,0.026739676104722547,0.0021749387242675855,0.05255055674929862,0.6364200785921854,0.28211474982952567
9,0.7293460850148843,0.019590471791859996,0.02436311585946465,0.06792775800717198,0.15877256932661918
10,0.03379650036574291,0.0019793402547705623,0.09853541124142288,0.42725703608134175,0.4384317120567217
11,0.004195376158418954,0.014582523449889787,0.07971050516703443,0.007138140254785271,0.8943734549698715
12,0.04105662426782814,0.0015737401962485345,0.2039494621595891,0.5298126764323141,0.22360749694402018
13,0.34984373600925933,0.0027582084277751836,0.12989836628791476,0.10572153496626464,0.41177815430878617
14,0.8010555733683729,0.0004206656925650232,0.0023109497873131306,0.00937836160715274,0.18683444954459622
15,0.05813771716134736,0.01366160843485457,0.05115089391981205,0.3618225720475344,0.5152272084364516
16,0.00961430713422915,0.06552267063255954,0.29671679991050653,0.005469983229136885,0.622676239093568
17,0.5051443967277718,0.0005849405744754616,0.00821670780999783,0.19825383908297725,0.2878001158047778
18,0.11829256520777773,0.0703997112660568,0.06909942212445191,0.00976359918891583,0.7324447022127978
19,0.017597136323146606,0.0016551560717098766,0.44928296658029326,0.28310121436101854,0.24836352666383207
20,0.6627191347710715,0.0007964668500672397,0.005663388616552556,0.02462552400544395,0.3061954857568647
21,0.19412970179826256,0.0003612474898086968,0.03466179082511123,0.6437043646850871,0.1271428952017305
22,0.0018800414821063076,0.004421751294914473,0.02543591907610938,0.004890959440756572,0.9633713287061132
23,0.33902263948711914,0.0013705766446682843,0.08940775650817308,0.4120504263868821,0.1581486009731573
24,0.9715647461862331,0.0003335227869511144,0.0009697156848949404,0.013657845469582527,0.013474169872338335
25,0.0020359924481925403,0.004807771603903951,0.01814928201883087,0.002123938912718169,0.9728830150163544
26,0.7099020041724702,0.003094366520222467,0.009164090638680315,0.034461277294571914,0.24337826137405497
27,0.16959757374899737,0.00883245803641599,0.05018753752620054,0.31474894369487894,0.45663348699350703
28,0.5976970471612342,0.000339927794916796,0.008014967617944579,0.2820489729463098,0.11189908447959467
29,0.35084251297452523,0.0007944022524534922,0.010018068223732364,0.5869744968774095,0.051370519671879424
30,0.0748060606531252,0.015077424275835534,0.04068162391350289,0.1196305195874016,0.7498043715701349
31,0.2206382213813281,0.0010778296217851598,0.009770729330811363,0.6113089507201426,0.15720426894593276
32,0.33001662028489814,0.0008457091481316092,0.029157364051151463,0.5450353151536994,0.09494499136211947
33,0.010918650596853244,0.007907742497341653,0.1587294156547037,0.012461572912379319,0.809982618338722
34,0.9800090274078002,0.0004671025444752509,0.000929976446943173,0.010495856343881603,0.008098037256899799
35,0.9470991143963394,0.00010985684007073936,0.001855277082160381,0.03680027857565897,0.014135473105770435
36,0.001591239513687186,0.02150326774137402,0.022087953143991496,0.0008658419154286138,0.953951697685519
37,0.5263453381440688,0.0006358516963027971,0.011080075734427453,0.4079621749923236,0.053976559432877144
38,0.5584540146748258,0.0005007252083566965,0.011867540482997468,0.21408025419746904,0.21509746543635075
39,0.001490452654973146,0.001430981376463141,0.0072272234885213775,0.0018316262160293741,0.988019716264013
40,0.010509018280677122,0.0021298952678110075,0.8491162224381282,0.025812819867249297,0.11243204414613434
41,0.009363937941705014,0.021431848801289646,0.7368469372217226,0.0258770109467817,0.20648026508850117
42,0.7676098536603149,0.0006614819007702123,0.004106341925957915,0.011068277164163585,0.21655404534879305
43,0.3110742355473604,0.0007291040315888979,0.02224455725133033,0.49525466304943444,0.1706974401202861
44,0.5235782189511122,0.0009564004120847465,0.007909046528102263,0.4254960427912264,0.042060291317474664
45,0.3635650616272078,0.0010211184676377542,0.01345242838601813,0.08423044481197281,0.5377309467071634
46,0.002625885483427267,0.0070219931139402616,0.04201052890655279,0.017908495847170258,0.9304330966489092
47,0.33910045863234056,0.0009016362940735669,0.029613355861000255,0.341246834466084,0.2891377147465015
48,0.4755567788611626,0.0013133618926820603,0.01962224840517792,0.11554383219768193,0.3879637786432953
49,0.6346278595187328,0.0009294093589445972,0.006166826066267357,0.15056554987319998,0.20771035518285555
50,0.6766061457434456,0.002248795345399547,0.03183243701272076,0.031758692258393686,0.2575539296400404
51,0.5393378599560945,0.0006022496187283661,0.014772266341733871,0.3147768389718766,0.13051078511156658
52,0.2809104809235327,0.0022965036857710746,0.03977933344480347,0.08166946728201702,0.5953442146638757
53,0.9372481247435864,0.0006565378412550434,0.003242280249422185,0.024778345795758466,0.03407471136997792
54,0.43720655908058864,0.0003137573472995798,0.021140162425435656,0.4670534316105252,0.07428608953615094
55,0.5942332118995513,0.00034528639049389513,0.018857346063540715,0.3408165907668677,0.0457475648795466
56,0.019678733394977332,0.17186221732861715,0.1384584175119998,0.006678994653999777,0.6633216371104059
57,0.0018102749708133238,0.002272284063401006,0.025133298613122194,0.0032851289200411145,0.9674990134326226
58,0.009444689247489159,0.020225661917897212,0.2634028181821062,0.015980710902441787,0.6909461197500658
59,0.377006856468457,0.001058367554219202,0.013796625091262662,0.4098398813357946,0.19829826955026672
60,0.013784952271715568,0.008541135101657873,0.027353401916159568,0.013975695503341636,0.9363448152071253
61,0.48825652574020634,0.0005327143847218943,0.013503664927055294,0.44816222832093466,0.049544866627081796
62,0.7983722281018697,0.0002582154074938254,0.0037529940522217017,0.025609465535422017,0.17200709690299276
63,0.35096464288853985,0.002100926157146299,0.027139192993148122,0.45082059564383264,0.1689746423173331
64,0.04085589664382647,0.0037068746734831215,0.19282547161454233,0.5951851372078645,0.1674266198602835
65,0.851261011632645,0.0003474714286294646,0.0023956249527825432,0.03375812402684561,0.11223776795909743
66,0.9762784488652838,0.00037215799466981675,0.0010460168604093426,0.011298238428686602,0.011005137850950602
67,0.4790551416273121,0.0005733423119987151,0.02889673707354203,0.4299728792803335,0.0615018997068136
68,0.24871888024636565,0.0003911978454883686,0.040552409507837374,0.3653261100831126,0.34501140231719607
69,0.2847050446651412,0.0007718861750641848,0.012715910574673918,0.4639586907384554,0.2378484678466653
70,0.003884081180316959,0.007322669104597332,0.029154158200664408,0.0046087989902647754,0.9550302925241563
71,0.002139399406040561,0.004471383766136617,0.08829263775739617,0.003988660799334594,0.9011079182710922
72,0.23312307753744926,0.0009668078943048372,0.0423344730763196,0.4869455448649913,0.23663009662693527
73,0.96830188303458,0.000990694476258572,0.007064012542283724,0.008148004659321126,0.015495405287556299
74,0.38646447770200976,0.016637972732370766,0.09415079795458423,0.057239839246642214,0.4455069123643931
75,0.8274009077406119,0.0012777924691467555,0.0075544262692622145,0.059686009359190134,0.10408086416178895
76,0.7347409907273523,0.001154272474175697,0.009040076653615819,0.056295488989939246,0.19876917115491666
77,0.1389032440853688,0.01769279145700308,0.45631183964082717,0.08580391879595729,0.30128820602084355
78,0.5735432238062086,0.03129745105385075,0.024631464957308464,0.1678475239986999,0.202680336183932
79,0.06128154461863846,0.0005584308983356364,0.03052565154981683,0.39240832448689383,0.5152260484463153
80,0.8099440975769707,0.0004316153225023114,0.003428584386556114,0.011092048721066398,0.1751036539929041
81,0.7293481706994034,0.008450921434592664,0.012937236778912042,0.047914533992678254,0.2013491370944137
82,0.4126260332815156,0.0008156319859099483,0.015643493453471966,0.14890743012888955,0.422007411150213
83,0.685299332465707,0.0012296756592996647,0.014555531371768841,0.1236826320603083,0.1752328284429164
84,0.005161912594993658,0.0028269933233757314,0.3169189683337994,0.007204867501027619,0.6678872582468036
85,0.5236593982418932,0.0019493912713135554,0.012929273585126296,0.4069207476147772,0.05454118928688963
86,0.3753863755457532,0.00023137427932844805,0.03393680187071362,0.3464977811294962,0.24394766717470845
87,0.3801223850920491,0.0007690363923653007,0.022637627248728955,0.2901364917493065,0.3063344595175502
88,0.00610068014576408,0.004744834967128199,0.040985177696936125,0.008513993702556205,0.9396553134876156
89,0.5754909752226588,0.0007018420285822975,0.018768757286535723,0.35378421106629193,0.05125421439593123
90,0.9061968207291476,0.0006153383484541146,0.0030415103887084507,0.01380425446773859,0.07634207606595078
91,0.7344647912680009,0.0008850073676220368,0.0053333814710039415,0.18766994083247474,0.07164687906089831
92,0.3865344946543785,0.0007283204617478879,0.014218609736073423,0.27744392986282046,0.3210746452849795
93,0.8169282923204373,0.00041165303030335796,0.0057047744226771824,0.10274353657761781,0.07421174364896434
94,0.2960191019255753,0.0006108667658952944,0.03425344845528522,0.606363697669175,0.06275288518406942
95,0.9620828298482169,0.00039604208467287455,0.003823702666982594,0.005766970027163153,0.027930455372964635
96,0.1780211808700791,0.00046753736591987184,0.0006108060625070064,0.018284873732768252,0.802615601968726
97,0.8393681570926373,0.0027764680915211793,0.01868568699451978,0.02919395841762299,0.10997572940369861
98,0.003890594619951929,0.014049540146718222,0.02914618031652078,0.0053515314138754535,0.9475621535029335
99,0.20098147084400234,0.0022503780065481374,0.04336229036332421,0.21159516946844284,0.5418106913176823
100,0.8137511790150014,0.0018029385901631376,0.012110686410857776,0.013416265399453859,0.15891893058452397
101,0.7993176212810854,0.0008635285953685896,0.004714804112271394,0.02140493074043716,0.1736991152708376
102,0.38449208881403746,0.0019839703012774577,0.011742163008587774,0.32762505050550145,0.2741567273705959
103,0.24337221045059476,0.0044294842665667964,0.015313321044585156,0.5728285598052452,0.16405642443300805
104,0.003912840225067643,0.005760193208119375,0.18083830108997945,0.008031740983219005,0.8014569244936147
105,0.13601903235866772,0.006649448939266508,0.11161843818850473,0.029039498937742526,0.7166735815758185
106,0.20189672943214682,0.0020613517580931693,0.05751300697517121,0.20621520654392686,0.5323137052906618
107,0.2924875191340536,0.004530630081144439,0.02684004436103307,0.10799685208742402,0.5681449543363449
108,0.07033889707456137,0.005192910893624916,0.008340164142233502,0.03113017422065202,0.8849978536689282
109,0.00590355916112582,0.021133781798540693,0.21055525109043005,0.002883349382968901,0.7595240585669344
110,0.4642234387500429,0.0009638926697826892,0.020190275671134936,0.3382155658163624,0.1764068270926768
111,0.9462468434398366,0.0009611258111019119,0.0026376510681228927,0.006585683299859046,0.04356869638107957
112,0.06615255846328268,0.002463922650367327,0.15090864810766408,0.5027608247826433,0.2777140459960427
113,0.8409203404528788,0.0014204746294964662,0.007363199904426415,0.03762769328250341,0.11266829173069492
114,0.5466164802692943,0.00034042870069835165,0.01766932194906707,0.2638137627466993,0.17156000633424076
115,0.7639131913703346,0.00046019677397994487,0.0034769408146512132,0.026419996787456868,0.20572967425357738
116,0.0064152959531676825,0.008113415430668137,0.028836548534120463,0.00802341945753029,0.9486113206245134
117,0.3111171083559992,0.030704967842884644,0.017718829828322076,0.020547317213491234,0.6199117767593028
118,0.545866830131603,0.01279731631207351,0.13288401096070604,0.048000674222956646,0.26045116837266064
119,0.7357452595755166,0.0009639795535402779,0.003060308248893304,0.08882844955002658,0.17140200307202322
120,0.7370464011363712,0.002060340760845436,0.010700312672399851,0.0944706616159758,0.15572228381440778
121,0.2946503343181822,0.022112087187761677,0.08068036593498125,0.023662645790572076,0.5788945667685029
122,0.7056401655495346,0.0008295410656580621,0.013585451836893575,0.023780448207619046,0.25616439334029484
123,0.3240360647859722,0.0013970552786701264,0.010693824287197394,0.4141743461478113,0.2496987095003491
124,0.0017785709531595792,0.011206083797019416,0.04853491932272387,0.002383148258768659,0.9360972776683284
125,0.6884984698017053,0.00033214472164412053,0.002512516774134243,0.0158358622366435,0.2928210064658727
126,0.8098939053130475,0.00021970901854640013,0.002338426344441174,0.03851362702666072,0.1490343322973044
127,0.05834495790959277,0.7408423949999404,0.01018899759464287,0.0021118483420107612,0.1885118011538132
128,0.39112155729708115,0.013732254938096062,0.01940054620027712,0.020968816643174085,0.5547768249213715
129,0.5171849675359655,0.004822437779765515,0.06887507903232298,0.043315450613247576,0.3658020650386984
130,0.0032626161227667654,0.01640113128638365,0.032056629462890555,0.005177419219207709,0.9431022039087513
131,0.7374053763476434,0.00044121978416862464,0.0024578227989019838,0.2521824119184262,0.007513169150860026
132,0.0026655874307503075,0.015838008460844117,0.040238720762775126,0.020157354371863435,0.9211003289737669
133,0.09697330584080129,0.0016522958251549331,0.05076609876970183,0.7703959188001972,0.08021238076414482
134,0.7643278905579283,0.00010019134302329693,0.002067596594403333,0.10409138882465768,0.12941293267998735
135,0.0015012560315072036,0.003562192103708364,0.029257483478101445,0.003352334508273153,0.9623267338784098
136,0.44860768802224776,0.0010410248374592861,0.04950310484383477,0.3216827552182626,0.17916542707819558
137,0.0032458787889547047,0.005276232058683698,0.02330909117908527,0.0026813175564722367,0.9654874804168042
138,0.4601864597302676,0.0016589466560521834,0.008242867945886554,0.06456342361079362,0.465348302057
139,0.8791340524478405,0.0008090876299954671,0.0038620579685325284,0.015689989941252834,0.10050481201237904
140,0.465967409667002,0.0018031041561655057,0.009739751144223312,0.03288326350718192,0.48960647152542747
141,0.6468850255283823,0.0003977618259538545,0.011091466936510384,0.2683791767492006,0.07324656895995285
142,0.8770128844285751,0.0061662037268042,0.01724375023382566,0.012629193417741864,0.08694796819305325
143,0.13444884419810538,0.004413970242322052,0.7148935560224663,0.05377689794601608,0.09246673159109044
144,0.0034151243194690457,0.003409478945633062,0.03513357857766963,0.0050036828343884105,0.9530381353228399
145,0.11220385939024903,0.0023838024477259613,0.0134920749151295,0.06935387169353538,0.8025663915533598
146,0.20618690206642803,0.003828220366433853,0.07422856085704096,0.034764446204647505,0.6809918705054496
147,0.34496767016215846,0.0013472911477291978,0.019397500593833675,0.3316935371984796,0.3025940008977991
148,0.794437063762108,0.0009408627720645833,0.00493297876072316,0.15398673904047308,0.04570235566463115
149,0.29387009787454055,0.0011617240491450021,0.014512794563929697,0.49986678720177774,0.19058859631060696
150,0.5708992897475818,0.004212834681317534,0.020906041011024116,0.16092288126354937,0.2430589532965272
151,0.5946324290847589,0.000432292624154755,0.018657830565495154,0.1641650874575179,0.2221123602680734
152,0.3552427383858572,0.0008513443044492724,0.01814058537435855,0.314565735507975,0.3111995964273602
153,0.2750379347160054,0.001024795172330048,0.05850486818184801,0.5499997193996958,0.11543268253012086
154,0.8062004888211787,0.00044366778066003875,0.002494011360898137,0.13675697201472076,0.05410486002254199
155,0.8920998024287229,0.0007123526255456543,0.003495427980916543,0.019342766013266628,0.08434965095154835
156,0.4644814773847307,0.001122012108793463,0.012804181552888738,0.03281989647383649,0.4887724324797504
157,0.008403195967991843,0.024080243012244283,0.23478769288170137,0.0030924507086970876,0.7296364174293655
158,0.9489554071274765,0.001022654097185988,0.015317959982726545,0.0026579670823478905,0.03204601171026309
159,0.37362736968289084,0.03492787689074048,0.01713607244824407,0.026862079604698396,0.547446601373426
160,0.2526473370876858,0.0019937865726438217,0.014069827421165925,0.47145670563618,0.2598323432823246
161,0.01411230132388175,0.028746644448949712,0.08890823819122932,0.009963280682095383,0.8582695353538441
162,0.2829032207338588,0.0012397724440771686,0.03155720928805383,0.6322376562270018,0.05206214130700834
163,0.6130018404272124,0.0004677999885071834,0.017796683777348728,0.20694429218656446,0.16178938362036727
164,0.9358545792455762,0.0010317092423340292,0.003633806994346092,0.020105379497824514,0.039374525019918845
165,0.8705672101973421,0.0017485969478807652,0.005823340416708999,0.07342685947679475,0.048433992961273674
166,0.6367786222068984,0.0005675017031086779,0.011835336308113948,0.22623161562100338,0.12458692416087555
167,0.08512851968024054,0.04066365111457851,0.033468566050338766,0.3624109188101482,0.47832834434469396
168,0.6176977557351163,0.0003551640019882259,0.03099688902704454,0.310073154565999,0.04087703666985205
169,0.5732663376930804,0.004341374141575213,0.056861574693453286,0.05509093018854725,0.3104397832833438
170,0.3433941993935881,0.00038262861570652064,0.024139230491570286,0.42040778969536224,0.21167615180377278
171,0.0030648280500387304,0.007578951867379401,0.0645210258346071,0.0021016547697679075,0.9227335394782069
172,0.13824268710644877,0.02547752301911512,0.07931584746308235,0.07875766699699271,0.678206275414361
173,0.004813183040824852,0.03762194465081736,0.2025822090097023,0.003900907749729923,0.7510817555489255
174,0.0665071549685591,0.003747136315453218,0.08015439507808354,0.3790812938396557,0.47051001979824825
175,0.877149404249315,0.0004898168010436203,0.007782559768665044,0.0874485943046751,0.027129624876301224
176,0.040791429603304626,0.002030793631841832,0.22922590159927983,0.6391404272216056,0.08881144794396813
177,0.17055401562992353,0.0005844351126026298,0.22122581387024934,0.423390851130128,0.1842448842570968
178,0.2853746462836718,0.003904594304628556,0.017376354214942633,0.36191734538973447,0.3314270598070223
179,0.2812451993622439,0.0007767165129969048,0.0158078082253305,0.4860576797673605,0.21611259613206818
180,0.8243910627277125,0.0009041041612963266,0.008144045676557176,0.02190337979507923,0.14465740763935495
181,0.7747876084689623,0.0008357604964813026,0.003613747611451478,0.18129801523273809,0.03946486819036702
182,0.3209468355486561,0.0006773599319204223,0.03848404378068185,0.5960141098561027,0.04387765088263903
183,0.39865556476386044,0.0008088698570690293,0.05982823970630361,0.27449225029602636,0.26621507537674055
184,0.3128843915178122,0.0006708330654550382,0.019688319522457958,0.46790829702864417,0.19884815886563056
185,0.0725968000461667,0.0036603912280199847,0.049208457876890606,0.1593390205889409,0.7151953302599818
186,0.9769827244337743,0.00028879159027776877,0.0007971110334096308,0.0074230638189180026,0.014508309123620182
187,0.06013537396180607,0.0013490017624857595,0.03452111014958098,0.6893159351383729,0.21467857898775436
188,0.909088512834307,0.00027474135222532714,0.001131432941024485,0.046407810482138954,0.043097502390304535
189,0.8360177112588256,0.006524114265678882,0.035399761114053685,0.0206505149267065,0.10140789843473538
190,0.6436288197711122,0.0004889713323526862,0.003365592198346524,0.20212168025779698,0.15039493644039148
191,0.5495899570783448,0.0005657773337547095,0.007922486629983535,0.16039553801372577,0.2815262409441911
192,0.00245200415015398,0.010582211718899054,0.07386751979382096,0.0028930405546900946,0.9102052237824356
193,0.17806937782455926,0.0005586507751337002,0.0299556076829432,0.31199604600813446,0.47942031770922927
194,0.9804749656917796,0.0002825997961386484,0.0010226995740638726,0.009197390621387023,0.009022344316630798
195,0.5717463727781298,0.0008986984220386023,0.007803990065037792,0.17536583654389062,0.24418510219090309
196,0.00404167659778166,0.0030280734117964156,0.10544335447598922,0.01137224710576879,0.8761146484086638
197,0.6460772179370577,0.004926334142475029,0.01949261803953855,0.060219690351865605,0.269284139529063
198,0.35508392291849167,0.013490888620449492,0.01520600737349533,0.017359916640496253,0.5988592644470672
199,0.003203034586687989,0.030586998453536487,0.05707487933759007,0.00342760494356635,0.9057074826786192
200,0.7269653796811413,0.00025125205352667245,0.010428272133400791,0.23819459464968504,0.02416050148224631
201,0.15770860609014212,0.011442242004962501,0.030122842417170767,0.024663911818826614,0.776062397668898
202,0.7069346717039015,0.00018213140378208473,0.005139811014512609,0.22276777523881938,0.06497561063898431
203,0.9184670783860605,0.0010396737604097721,0.0061000005473547505,0.008361752854834254,0.06603149445134096
204,0.06911269616328544,0.007542099898063464,0.02612603783631037,0.26949899536467353,0.6277201707376671
205,0.5398537115065327,0.0011172879758580708,0.00906027692171408,0.38249600153543434,0.06747272206046077
206,0.22868984625428093,0.0010083117450080555,0.046100828927614454,0.15444028401569324,0.5697607290574034
207,0.239335961270842,0.0010929769808170591,0.020192109297731377,0.34003168386708454,0.3993472685835249
208,0.21814964154180802,0.02795279774660889,0.04331265044751918,0.10833609517564617,0.6022488150884178
209,0.0031753383770726884,0.007388417068175134,0.023069927110966577,0.0010135420687292698,0.9653527753750561
210,0.19611773057539755,0.0063633185058151924,0.04898332185813325,0.5126559992683719,0.23587962979228247
211,0.006489604793647525,0.005580736146274811,0.027701760917690738,0.008552508675718017,0.9516753894666691
212,0.18170665502456845,0.013408087751416319,0.03217895510950369,0.02007155334903247,0.752634748765479
213,0.29703655029923304,0.004480350052991643,0.03667565938414232,0.34767451394191873,0.3141329263217141
214,0.39463598175222614,0.001847362662840005,0.028813039738948575,0.3028796637903765,0.2718239520556087
215,0.11322679934969997,0.0006793133304942722,0.029301264107062998,0.8140542740817419,0.0427383491310007
216,0.004940918054671651,0.034761593002854876,0.05164926583809697,0.0047519509326101215,0.9038962721717663
217,0.8070799844507913,0.001406618899154494,0.004214974666205252,0.03654749240951348,0.1507509295743356
218,0.6429855123796145,0.0019618415185597895,0.018132170823538605,0.2875602695257668,0.049360205752520196
219,0.030297153981538223,0.0026255295028512673,0.028124635187683152,0.09098626191971688,0.8479664194082108
220,0.33592516302508924,0.0011618542942370678,0.01189540377179302,0.0979233337662676,0.553094245142613
221,0.15316939442841826,0.00107075929772506,0.03590385642775674,0.6175653712895035,0.19229061855659635
222,0.0031630822167332037,0.014540826928328462,0.020926651802147422,0.0034174228410754318,0.9579520162117152
223,0.33980225969855804,0.0004065514337185548,0.015417140991545081,0.4161825790205549,0.22819146885562364
224,0.6740308787796586,0.0016915595456605615,0.011066582857886368,0.09126434432258107,0.22194663449421334
225,0.30996974327901394,0.002018931503365047,0.11054308677818435,0.5349786986821273,0.042489539757309173
226,0.7921389849277414,0.0002369006650389386,0.004097636751979131,0.17248681180395217,0.031039665851288287
227,0.21236131590837334,0.0015453621750376987,0.026851815283307594,0.1681509409910084,0.5910905656422729
228,0.9367324311615791,0.0018459228366331322,0.0067904519596939696,0.00873173114952954,0.04589946289256417
229,0.012274317412103698,0.007472128115430221,0.2641335528895349,0.031585454717600076,0.684534546865331
230,0.9343455776905033,0.0007940859061899663,0.0030667690128411496,0.020187295357733857,0.04160627203273181
231,0.3591924278340361,0.0010101779580763501,0.023942399552169705,0.5212982913478176,0.09455670330790038
232,0.19319612152647586,0.003985268117332119,0.12203514080213258,0.23069791707492668,0.45008555247913273
233,0.9882284803539144,8.772246822682982e-05,0.00032411821428237166,0.004838282710492912,0.0065213962530836205
234,0.3567928908404676,0.001190823166069867,0.013667838240680765,0.46814393967620777,0.16020450807657402
235,0.6427145807587255,0.0007557514775885538,0.036015397153210886,0.17518100238253045,0.14533326822794437
236,0.7818801742543667,0.0007600500212885708,0.013292346704023572,0.017081073228949015,0.1869863557913722
237,0.14396258656808367,0.0011162426143477464,0.0732895537721144,0.6228652101248151,0.1587664069206393
238,0.004331057109219135,0.06511008108382578,0.10664654425820368,0.01211658705199381,0.8117957304967577
239,0.0035502597740678,0.002960304398735052,0.016385331927725694,0.0033226986280005077,0.9737814052714707
240,0.5021112940119621,0.0012802765497084818,0.00580122877716839,0.2449685587052594,0.2458386419559014
241,0.004244297157993561,0.013957091454334979,0.03385924101928196,0.0043230774857568235,0.9436162928826328
242,0.011404340860546175,0.032684857394216796,0.6339300219336554,0.02883078264251379,0.29314999716906764
243,0.0072097872639638565,0.004603522756054253,0.18547111101948985,0.009835395439988369,0.7928801835205038
244,0.5607282428714105,0.00026282855461501033,0.009124780913311075,0.21455809598355693,0.21532605167710644
245,0.4121904938378521,0.0021605301093739235,0.014968673046502179,0.20392263356832668,0.3667576694379452
246,0.947522499797971,0.0002180364501691728,0.0011817903739482726,0.039839154970616554,0.011238518407295077
247,0.4471523032189904,0.0007021057527264351,0.06093579120295979,0.40146126104109237,0.089748538784231
248,0.010366047716843537,0.08399254427482988,0.09368856552221792,0.021755684840770336,0.7901971576453386
249,0.09112823750746629,0.0038701938424279747,0.2909201994204143,0.4163587765638183,0.1977225926658732
250,0.933450204689851,0.0009773472204276195,0.003070350474549004,0.02299113512873504,0.039510962486437415
251,0.08303729605374242,0.008699123952219348,0.1757896749807263,0.5950240494030908,0.137449855610221
252,0.17602821876141506,0.021265358301974426,0.047626515949462066,0.009155083644746757,0.7459248233424017
253,0.17802992039634608,0.0010262546918321676,0.057937195013584256,0.551307862318264,0.21169876757997377
254,0.2357804096468408,0.004772335965555817,0.03027906490081254,0.2676184428274134,0.46154974665937737
255,0.233323065282767,0.002216010209468682,0.034092632564168446,0.4077860106169293,0.3225822813266665
256,0.005639936838268309,0.005366706695564807,0.07155577205330328,0.0029372209293839716,0.9145003634834799
257,0.3443571461705068,0.0010010203955253662,0.01446559115209707,0.5608454483867064,0.07933079389516426
258,0.7683014843800705,0.0009185109102511834,0.003889921800152273,0.06549326215717452,0.1613968207523516
259,0.19506284093187595,0.003308534380400469,0.01939483388661159,0.09444555070759206,0.6877882400935199
260,0.002556387441480875,0.011531087862279221,0.023450721171058207,0.008940439608646503,0.9535213639165352
261,0.34894868544926133,0.000571829765874494,0.026507829298362578,0.5817596565364627,0.04221199895003908
262,0.3857414664373584,0.00254818866827236,0.07017755750662684,0.41805281892461743,0.12347996846312499
263,0.47880915081083486,0.0007549689704155427,0.013434246827730171,0.44837119598563313,0.058630437405386156
264,0.8490257695575206,0.002088836570453089,0.007035134343617531,0.05845737291278941,0.0833928866156192
265,0.0028219738464941705,0.001798160027989276,0.2963177467743354,0.008340289345515199,0.6907218300056661
266,0.6744905064071035,0.0013676758670901432,0.007691312359997954,0.24463054245311744,0.07181996291269101
267,0.17444104269841876,0.004489659589789647,0.03119263237145249,0.012038920756784692,0.7778377445835545
268,0.8214491705902703,0.0008228757637981877,0.028616101152482556,0.05830747603862567,0.0908043764548233
269,0.5952999278165483,0.0049924762554817825,0.02726913011047168,0.12496746053223948,0.24747100528525853
270,0.8518550179777884,0.0005127614102251458,0.002362488634389138,0.0335395082801472,0.11173022369745053
271,0.8987994127561325,0.0005166788510375301,0.001794710696468113,0.009687705078535525,0.08920149261782644
272,0.8548446723037013,0.000629357101506188,0.007321124615963014,0.08517924155228991,0.05202560442653971
273,0.0028865991142627634,0.008971609121472891,0.07041961039321874,0.0034105438962493437,0.9143116374747962
274,0.9717253723679888,9.885698356115916e-05,0.0009101530669304618,0.01781055786209004,0.009455059719429863
275,0.20870977719848452,0.0007761444728531347,0.09626515829963532,0.3201953508259494,0.3740535692030777
276,0.2773775640914227,0.0007029024526594798,0.13730447643609428,0.346195885417564,0.23841917160225937
277,0.15935009814562504,0.0008099621393127114,0.02881591906369824,0.6500877532674447,0.1609362673839192
278,0.9856244310844139,0.00030414201896897784,0.0006480525219476898,0.007331389703260064,0.006091984671409027
279,0.0066364003932827455,0.0061702634804527276,0.03816055227257638,0.009126081605452203,0.9399067022482359
280,0.9466566740497756,0.00037616574053369234,0.002336613393976707,0.019723719546259438,0.030906827269454484
281,0.30684171049218506,0.004242020700686804,0.022574814172831487,0.4575130908177429,0.20882836381655356
282,0.8530399922790004,0.00041696388298853,0.005565739971350664,0.09589742515793793,0.04507987870872238
283,0.8610503355633629,0.0004520513918837756,0.003080654499611667,0.01784663617507856,0.11757032237006315
284,0.047667022187714174,0.0021038030707792393,0.08602368986294667,0.3566900515673467,0.5075154333112133
285,0.16519161130918975,0.0009517316544507565,0.11813658015970571,0.472619692642448,0.24310038423420582
286,0.8142747384288817,0.0016367792035341076,0.007217377349849942,0.14054865844755454,0.036322446570179745
287,0.19340676340791668,0.0006085376288623199,0.043764114902087765,0.5355799618741998,0.2266406221869336
288,0.9750249733687549,0.0021998381319646917,0.0030667538968659085,0.004085514548675542,0.015622920053738838
289,0.24446308565192126,0.0025794869240340084,0.048790452997555536,0.22415831513967263,0.4800086592868165
290,0.52089210092557,0.004481705037785562,0.03565966568689459,0.04869071407007188,0.39027581427967784
291,0.35628945596896283,0.002223342305680914,0.018602571479211915,0.35085558418688306,0.2720290460592614
292,0.040524342021118875,0.0015319110182993763,0.025013258381311045,0.08008082817404767,0.8528496604052231
293,0.0059300530367236886,0.024238791005564683,0.04144893537324189,0.006571148948889464,0.9218110716355804
294,0.7619509463080664,0.00029577221405460745,0.006397865992642519,0.20052613466730432,0.03082928081793223
295,0.2992929761895892,0.001022210137258449,0.011669374467737501,0.4635423576310924,0.2244730815743225
296,0.020368633670081095,0.004417534271157628,0.5771121072590236,0.1085546684133789,0.2895470563863588
297,0.3260649125550383,0.0036314526377585147,0.02717524796961419,0.39646482231129393,0.24666356452629523
298,0.0028271229530366523,0.003547317275873406,0.015544933641380338,0.0023749980969846856,0.975705628032725
299,0.4455720071385093,0.0006127679277791655,0.013369891769908705,0.10868126667394991,0.431764066489853
300,0.003556528467548396,0.006425451975926611,0.0655876342451753,0.0020313203376596005,0.9223990649736903
301,0.004098631852366167,0.003302912327094439,0.03698624561576557,0.005395890170026451,0.9502163200347475
302,0.002683194355772974,0.013443843053032404,0.03847938774345084,0.0013009593679913836,0.9440926154797527
303,0.016648450853654618,0.014046690560771466,0.030704488314255887,0.026947870057242293,0.911652500214076
304,0.8019586351777301,0.0010153912904101066,0.003985267880430393,0.0450184725899923,0.14802223306143686
305,0.5284721759409992,0.0006633426812703213,0.007757918846362863,0.38194150582391373,0.0811650567074542
306,0.03669188555838561,0.0019763033991372003,0.029499201016880763,0.10808050791234526,0.8237521021132511
307,0.5517497232278908,0.003052689411910214,0.010717237181754402,0.16997449164864734,0.2645058585297972
308,0.6526000033451167,0.0008514447263493174,0.004848211828755523,0.13120872868209218,0.21049161141768616
309,0.002079723544547501,0.0023792453821739937,0.012785262022333951,0.0020861022112891514,0.9806696668396556
310,0.01911223262918703,0.016460165701166894,0.41848274211263026,0.04093315278753193,0.505011706769484
311,0.5799797218598148,0.008158120370375825,0.04175682735708903,0.10698479265590223,0.26312053775681804
312,0.005527275124018665,0.004424885424200731,0.02695278716876037,0.0066662377385003765,0.9564288145445201
313,0.35869780215952873,0.0014258363398589663,0.03175347369303255,0.34041350477038557,0.26770938303719416
314,0.3986594877640487,0.0036456277086987753,0.06859849607949554,0.33690596862337585,0.192190419824381
315,0.6124482461396694,0.004959620995250513,0.11310604663668718,0.13111152344554028,0.13837456278285282
316,0.7758864263084219,0.0010118194375203463,0.0023995902824209365,0.013032629459992085,0.20766953451164463
317,0.004870626425130245,0.005091163205377641,0.03785222891977506,0.002512132997922975,0.9496738484517939
318,0.9823458590325765,0.00019016718966259865,0.0006771734403971485,0.006547754562922671,0.010239045774441123
319,0.005396289938403536,0.030895146280944374,0.043894812021206805,0.002127182711402206,0.9176865690480431
320,0.5108933334139029,0.0008636530634530042,0.010122145049916107,0.03667437878029903,0.4414464896924291
321,0.7814432569052265,0.0007865324493485296,0.004996561132155328,0.16938688493595433,0.043386764577315134
322,0.029871016049047263,0.004697560280557048,0.06918327521630396,0.043599193521630664,0.852648954932461
323,0.19661182424661225,0.0020844140576654316,0.03270095382686888,0.24455455836975473,0.5240482494990988
324,0.8677699808518105,0.00041405973175591285,0.004478112938535084,0.0562449609160701,0.07109288556182852
325,0.004121049306965541,0.05461761181979327,0.7691379479908447,0.04447302345222816,0.12765036743016867
326,0.9330123526525818,0.00021105829762417097,0.0017398086655329727,0.039517844869059834,0.02551893551520127
327,0.011556466648486668,0.03689192307459979,0.1676950061925779,0.014568469383844485,0.7692881347004912
328,0.5112060324583092,0.0006824868246799781,0.009638320321478818,0.42420566222427,0.05426749817126195
329,0.551659008648919,0.0018850655170864444,0.026667391586995746,0.13204963711609907,0.28773889713089956
330,0.40382249012299637,0.006034986754433474,0.04195923835442624,0.03484384550657111,0.5133394392615728
331,0.0027216706644584573,0.004281337233580563,0.032627257207555854,0.0024700912424257112,0.9578996436519794
332,0.135446787814536,0.0012397662896948298,0.017168178012551487,0.7893828951173484,0.05676237276586935
333,0.8200904034155934,0.003039726165128911,0.02827600711458612,0.006352540441049204,0.14224132286364233
334,0.9068816812011083,0.0006202094506305574,0.002369802304999047,0.0489269822924919,0.04120132475076983
335,0.6499740999730333,0.00023380916092586345,0.00908860996063691,0.2472271654814282,0.09347631542397573
336,0.280217603535292,0.001604391119025067,0.026771885035548126,0.3415804430523321,0.3498256772578027
337,0.28253907306386417,0.0007544456981071676,0.05554391100994295,0.27507714179796655,0.3860854284301193
338,0.8180588357491706,0.0005417049228200531,0.0027763771391076603,0.12285047084952169,0.055772611339380114
339,0.6715598384213705,0.0001232040715511863,0.0033078227319919408,0.2820504866401242,0.04295864813496203
340,0.004357420409774604,6.495275713317997e-05,0.8999779993444482,0.01631753385592973,0.0792820936327146
341,0.26916004564837953,0.0007535395650905973,0.02269367333689376,0.3472627780421041,0.3601299634075319
342,0.00795226544417031,0.10640088855152958,0.02704029982915952,0.005533254645998606,0.853073291529142
343,0.9490749646655825,0.0005323108525699781,0.002196892562298074,0.009817429960743168,0.038378401958806166
344,0.00357570183378323,0.008145336244580113,0.01872286972895577,0.0014183069747513875,0.9681377852179295
345,0.020406800897334078,0.021335621513513103,0.0625613764431224,0.03986295769040136,0.855833243455629
346,0.7092904071022562,0.00029725722096605913,0.008543324584600314,0.22099342910720893,0.06087558198496832
347,0.37206675384733756,0.0010979171090759676,0.025542452245730277,0.5065759557016725,0.09471692109618376
348,0.5191224503757167,0.000854614172004332,0.0122516319763155,0.10587345086665337,0.3618978526093102
349,0.6883681171011955,0.0036614845831945877,0.006654448724574676,0.09222768899725524,0.20908826059378013
350,0.8409593941768475,0.0008345015939394219,0.00450127378809419,0.07868902127886636,0.0750158091622527
351,0.9729077833728339,0.00024815759947431783,0.001214882715078599,0.009413929623746316,0.01621524668886721
352,0.6356103208074478,0.13121032965447652,0.03622385429299267,0.012729892086688179,0.1842256031583949
353,0.4391210781670781,0.0005717599880967208,0.03317290750919502,0.3558832465302807,0.17125100780534946
354,0.4502511083098934,0.0007001777859708105,0.022001616930841246,0.36141268300085333,0.16563441397244105
355,0.4201333294373765,0.0006303654443273212,0.011219678827777812,0.30521973436654093,0.2627968919239773
356,0.441251872863274,0.0008044116634614958,0.032875990507417525,0.4811427257006663,0.04392499926518079
357,0.2185861989149512,0.0005057318209388344,0.033267651013415056,0.5184265152021406,0.22921390304855438
358,0.9404174679384915,0.0008033330179244748,0.0033178608214109585,0.025810615975326575,0.02965072224684673
359,0.26840397192356263,0.01077436970001043,0.0188595166690581,0.01689940013203238,0.6850627415753365
360,0.01087051670689646,0.08774025914415891,0.2723860931128801,0.005936641312835301,0.6230664897232291
361,0.16968989883128563,0.0035306989557306054,0.0423822299619974,0.5888969070545216,0.1955002651964648
362,0.47232692732859505,0.003253166614159997,0.02691658267962782,0.08534377509635532,0.41215954828126183
363,0.35931611873723207,0.0005900221998833714,0.01340749808226913,0.18285165909937637,0.4438347018812389
364,0.0036083821004167255,0.005850347513360219,0.039373198614744774,0.0021972241109771713,0.948970847660501
365,0.0065171112077042044,0.004066326201572874,0.6271722399762957,0.030803194411265538,0.3314411282031618
366,0.4410508610849214,0.0029016745919117266,0.008935942483140316,0.30608025251330356,0.241031269326723
367,0.3488584784716449,0.001154563903461014,0.06677433040475522,0.525535012010539,0.05767761520959983
368,0.3710082494202046,0.0008416833519834085,0.026366389081144304,0.5013606657266834,0.10042301241998423
369,0.4187023751661047,0.002868940032801476,0.05701144311331178,0.34278574198980016,0.17863149969798206
370,0.38664927232424834,0.0029242616544477525,0.03786604544961085,0.40638484432768734,0.1661755762440059
371,0.0017783280315976583,0.006445644888876947,0.05221436632672328,0.002805871412867747,0.9367557893399344
372,0.8301521593086124,0.00038080729055322475,0.002728833299126406,0.12552612501907992,0.041212075082628044
373,0.25200645824709533,0.0010946740713212208,0.019987189311862382,0.27033215394133897,0.4565795244283822
374,0.5950878265012485,0.0012236104911031898,0.006991105986337375,0.33970813357051327,0.05698932345079755
375,0.5097782589142557,0.0006357097145266674,0.03174283251831507,0.18129775218345304,0.27654544666944963
376,0.14080982976199752,0.0008361320192849266,0.03398152122719947,0.4145397573029123,0.4098327596886057
377,0.014862044477070109,0.009677146450008741,0.051837378684083286,0.026087093124478718,0.8975363372643591
378,0.7900550964492522,0.002073894301310868,0.0032738535937947713,0.03047235740787504,0.1741247982477673
379,0.33932794428315977,0.0007010391416405883,0.050258092812408055,0.3869010012175534,0.22281192254523832
380,0.7507336556213602,0.0004921727172302244,0.0036710576897875744,0.02599501144149196,0.21910810253013002
